,node_id,cpu_type,core_idle
0,1,2_1_ghz,3.2393569279504684
1,2,2_1_ghz,3.2841058440161115
2,3,2_1_ghz,3.4584028245663188
3,4,2_1_ghz,3.3949830833476407
4,5,2_1_ghz,3.4126164747438272
5,6,2_1_ghz,3.4715677016970155
6,7,2_1_ghz,3.472111042101723
7,8,2_1_ghz,3.3084022472768675
8,9,2_1_ghz,3.379918919204125
9,10,2_1_ghz,3.378964197972701
10,11,2_1_ghz,3.377340762691472
11,12,2_1_ghz,3.311057271133919
12,13,2_1_ghz,3.413087367534092
13,14,2_1_ghz,3.3027051705805084
14,15,2_1_ghz,3.257564849318565
15,16,2_1_ghz,3.2786825494940977
16,17,2_2_ghz,3.2778278430126453
17,18,2_2_ghz,3.311782689687682
18,19,2_2_ghz,3.354167150498098
19,20,2_2_ghz,3.447227067148156
20,21,2_2_ghz,3.368114565363441
21,22,2_2_ghz,3.1498517674363518
22,23,2_2_ghz,3.354667486193809
23,24,2_2_ghz,3.319530731132011
24,25,2_1_ghz,3.3232768882796244
25,26,2_1_ghz,3.3883168153002923
26,27,2_1_ghz,3.463115048279418
27,28,2_1_ghz,3.4277765027135643
28,29,2_1_ghz,3.423540391935913
29,30,2_1_ghz,3.3358621029000797
30,31,2_1_ghz,3.3840196526171633
31,32,2_1_ghz,3.3255712633445285
32,33,3_1_ghz,3.4479298179000306
33,34,3_1_ghz,3.411073525285521
34,35,3_1_ghz,3.8978180687843684
35,36,3_1_ghz,3.233591789519723
36,37,3_1_ghz,3.5585825824939503
37,38,3_1_ghz,3.6502910514116955
38,39,3_1_ghz,3.283699518831871
39,40,3_1_ghz,3.774844087063144
40,41,3_1_ghz,3.276381649333786
41,42,3_1_ghz,3.4619491716104513
42,43,3_1_ghz,
43,44,3_1_ghz,3.938563293834859
44,45,3_1_ghz,3.6820700849197703
45,46,3_1_ghz,3.79041273647274
46,47,3_1_ghz,3.8076539904286104
47,48,3_1_ghz,3.5895102882540497
48,49,3_1_ghz,3.6046121047459687
49,50,3_1_ghz,3.55923992841458
50,51,3_1_ghz,3.9747411083248148
51,52,3_1_ghz,3.359268624526159
52,53,3_1_ghz,3.377167556736824
53,54,3_1_ghz,3.3272620673586113
54,55,3_1_ghz,3.9751320531758623
55,56,3_1_ghz,3.6031522966267553
56,57,3_1_ghz,3.6221485607165924
57,58,3_1_ghz,3.511549261105128
58,59,3_1_ghz,3.60855364287545
59,60,3_1_ghz,3.5187647089685914
60,61,3_1_ghz,3.654328458178937
61,62,3_1_ghz,3.570746628879138
62,63,3_1_ghz,3.5757678113902336
63,64,3_1_ghz,3.736703513332185
